6 7 25 14 3 7 0 15 21 
3 4 13 9 2 9 0 11 17 
6 4 17 15 0 2 8 7 16 
6 17 10 20 7 0 2 21 24 
0 3 23 20 6 3 2 24 24 
9 19 3 6 6 6 9 9 22 
0 25 26 1 3 1 1 8 17 
9 2 18 23 2 6 0 8 12 
9 23 17 4 8 2 1 12 13 
9 11 13 20 3 5 4 25 14 
8 5 12 11 1 3 3 14 23 
2 16 13 5 1 0 6 16 6 
1 6 14 25 9 6 3 5 23 
3 9 16 23 4 5 2 21 15 
6 1 7 3 5 1 6 13 6 
6 13 25 5 6 3 9 3 26 
3 6 12 25 0 0 3 19 1 
4 25 7 12 3 4 9 14 7 
7 25 14 23 4 4 6 7 14 
7 21 24 6 0 9 2 14 4 
4 7 21 25 3 0 9 11 14 
4 4 14 10 8 3 9 8 17 
5 19 4 15 9 5 9 23 13 
7 11 20 5 1 6 9 14 13 
8 13 2 4 5 7 8 15 15 
2 10 26 15 5 1 3 15 11 
1 4 21 24 0 4 9 1 26 
9 25 10 9 9 6 1 22 19 
2 14 17 23 7 9 1 10 16 
4 20 13 8 0 2 9 14 12 
9 5 26 25 2 2 7 5 1 
4 25 2 3 5 8 4 3 14 
2 3 14 14 4 2 1 7 25 
1 4 5 4 4 0 4 3 7 
3 19 26 21 3 7 8 16 7 
1 24 2 19 4 9 3 2 11 
1 4 25 25 9 9 9 12 16 
9 26 11 6 1 7 9 23 2 
3 11 19 4 9 4 0 6 8 
4 8 26 19 5 5 3 1 19 
3 15 12 12 2 6 6 23 8 
1 18 9 3 3 8 2 20 24 
3 6 12 6 9 4 7 14 5 
3 4 1 11 8 8 2 25 6 
6 14 2 8 2 9 6 9 14 
2 4 19 8 3 7 3 25 14 
6 11 18 8 4 4 9 3 16 
4 22 5 5 7 1 3 24 14 
3 19 12 15 5 0 5 13 9 
5 17 8 20 7 4 9 26 7 
1 25 10 19 5 3 1 23 9 
3 15 10 8 0 9 7 25 6 
3 1 9 25 0 2 4 2 18 
5 25 17 15 3 0 6 23 2 
8 15 9 7 9 4 3 1 4 
1 25 23 23 5 9 4 19 24 
1 25 9 17 5 3 3 25 10 
1 25 23 10 2 8 1 26 11 
4 14 22 18 8 1 0 18 18 
3 25 5 7 8 3 8 26 9 
2 9 18 23 6 6 3 4 26 
7 11 4 18 3 8 0 13 18 
0 15 18 14 5 7 4 13 26 
4 9 1 26 1 1 4 21 11 
7 3 3 19 8 7 4 15 1 
8 25 12 3 6 8 4 1 13 
7 22 19 10 6 7 0 14 2 
8 12 8 22 8 7 1 8 26 
9 26 12 26 2 3 8 22 20 
2 16 6 23 3 6 3 17 9 
4 2 14 17 5 5 6 20 14 
0 6 26 11 9 4 6 4 4 
4 3 22 17 3 4 5 19 11 
2 10 19 8 2 0 5 8 13 
0 11 1 26 5 2 0 18 19 
7 23 11 16 6 5 9 15 14 
0 19 26 10 1 9 0 24 19 
0 22 9 17 6 6 1 17 15 
9 8 14 7 9 8 3 21 26 
0 9 3 6 7 7 4 10 25 
7 12 23 6 7 4 8 10 17 
4 8 16 7 1 9 3 16 11 
8 13 10 17 5 0 8 22 6 
1 17 16 24 5 1 6 8 24 
6 9 17 9 2 5 7 26 20 
8 4 20 2 7 9 7 8 11 
9 2 3 21 6 8 0 3 9 
0 19 7 22 0 4 9 3 14 
4 23 16 1 1 9 0 14 2 
7 12 15 12 6 4 7 1 21 
2 16 17 21 3 1 0 11 15 
2 26 1 11 5 1 9 9 11 
0 22 26 25 1 3 3 13 19 
9 10 11 10 4 9 9 25 17 
7 6 3 7 0 6 2 25 25 
4 12 4 13 9 0 7 13 18 
9 24 25 11 2 2 5 23 26 
8 19 4 10 9 3 8 1 20 
3 18 19 10 3 2 3 6 21 
9 17 15 10 4 9 6 2 25 
